data;

param num_jobs := 100;

param num_mach := 60;

param T := 
1 1 62
2 1 41
3 1 96
4 1 33
5 1 87
6 1 72
7 1 11
8 1 39
9 1 9
10 1 49
11 1 62
12 1 7
13 1 15
14 1 33
15 1 29
16 1 82
17 1 33
18 1 83
19 1 9
20 1 13
21 1 61
22 1 17
23 1 62
24 1 91
25 1 61
26 1 51
27 1 18
28 1 19
29 1 30
30 1 64
31 1 29
32 1 46
33 1 1
34 1 6
35 1 99
36 1 32
37 1 55
38 1 29
39 1 3
40 1 96
41 1 30
42 1 29
43 1 69
44 1 89
45 1 53
46 1 22
47 1 14
48 1 88
49 1 54
50 1 83
51 1 29
52 1 80
53 1 23
54 1 32
55 1 63
56 1 29
57 1 11
58 1 48
59 1 62
60 1 96
1 2 8
2 2 29
3 2 43
4 2 80
5 2 32
6 2 45
7 2 28
8 2 13
9 2 15
10 2 49
11 2 57
12 2 80
13 2 70
14 2 34
15 2 62
16 2 8
17 2 85
18 2 62
19 2 57
20 2 98
21 2 68
22 2 96
23 2 91
24 2 8
25 2 27
26 2 17
27 2 74
28 2 23
29 2 94
30 2 97
31 2 45
32 2 58
33 2 95
34 2 72
35 2 68
36 2 81
37 2 33
38 2 32
39 2 76
40 2 43
41 2 42
42 2 7
43 2 74
44 2 83
45 2 28
46 2 48
47 2 94
48 2 13
49 2 6
50 2 6
51 2 59
52 2 7
53 2 82
54 2 56
55 2 92
56 2 64
57 2 71
58 2 41
59 2 83
60 2 7
1 3 20
2 3 16
3 3 93
4 3 36
5 3 82
6 3 19
7 3 70
8 3 58
9 3 95
10 3 6
11 3 94
12 3 49
13 3 4
14 3 18
15 3 82
16 3 30
17 3 66
18 3 72
19 3 20
20 3 63
21 3 44
22 3 2
23 3 98
24 3 91
25 3 21
26 3 64
27 3 80
28 3 80
29 3 42
30 3 21
31 3 7
32 3 47
33 3 56
34 3 43
35 3 38
36 3 67
37 3 94
38 3 90
39 3 89
40 3 6
41 3 23
42 3 81
43 3 80
44 3 14
45 3 54
46 3 46
47 3 35
48 3 78
49 3 14
50 3 33
51 3 94
52 3 27
53 3 73
54 3 92
55 3 31
56 3 12
57 3 20
58 3 93
59 3 55
60 3 45
1 4 13
2 4 17
3 4 85
4 4 43
5 4 39
6 4 38
7 4 11
8 4 96
9 4 97
10 4 2
11 4 44
12 4 99
13 4 35
14 4 40
15 4 85
16 4 79
17 4 38
18 4 2
19 4 12
20 4 20
21 4 59
22 4 72
23 4 76
24 4 76
25 4 4
26 4 17
27 4 84
28 4 10
29 4 32
30 4 85
31 4 68
32 4 2
33 4 47
34 4 36
35 4 90
36 4 26
37 4 66
38 4 78
39 4 44
40 4 78
41 4 95
42 4 64
43 4 29
44 4 98
45 4 64
46 4 36
47 4 11
48 4 44
49 4 89
50 4 37
51 4 21
52 4 77
53 4 60
54 4 55
55 4 24
56 4 95
57 4 83
58 4 10
59 4 69
60 4 12
1 5 20
2 5 55
3 5 23
4 5 54
5 5 98
6 5 29
7 5 16
8 5 62
9 5 98
10 5 65
11 5 74
12 5 73
13 5 32
14 5 85
15 5 13
16 5 46
17 5 59
18 5 90
19 5 12
20 5 65
21 5 30
22 5 52
23 5 96
24 5 8
25 5 36
26 5 65
27 5 97
28 5 74
29 5 2
30 5 1
31 5 68
32 5 25
33 5 64
34 5 85
35 5 74
36 5 63
37 5 9
38 5 92
39 5 84
40 5 49
41 5 65
42 5 18
43 5 35
44 5 50
45 5 91
46 5 66
47 5 45
48 5 65
49 5 80
50 5 98
51 5 93
52 5 58
53 5 70
54 5 91
55 5 98
56 5 99
57 5 68
58 5 10
59 5 59
60 5 10
1 6 86
2 6 13
3 6 43
4 6 43
5 6 58
6 6 29
7 6 28
8 6 48
9 6 8
10 6 70
11 6 45
12 6 17
13 6 55
14 6 75
15 6 67
16 6 86
17 6 95
18 6 5
19 6 49
20 6 64
21 6 3
22 6 25
23 6 12
24 6 94
25 6 13
26 6 45
27 6 14
28 6 74
29 6 7
30 6 12
31 6 73
32 6 10
33 6 3
34 6 66
35 6 31
36 6 37
37 6 10
38 6 11
39 6 43
40 6 84
41 6 18
42 6 48
43 6 71
44 6 29
45 6 22
46 6 98
47 6 8
48 6 67
49 6 5
50 6 94
51 6 26
52 6 34
53 6 16
54 6 2
55 6 77
56 6 6
57 6 45
58 6 47
59 6 55
60 6 88
1 7 61
2 7 18
3 7 5
4 7 85
5 7 56
6 7 78
7 7 44
8 7 65
9 7 38
10 7 25
11 7 27
12 7 8
13 7 46
14 7 60
15 7 66
16 7 82
17 7 86
18 7 69
19 7 99
20 7 85
21 7 18
22 7 21
23 7 52
24 7 47
25 7 23
26 7 35
27 7 48
28 7 78
29 7 46
30 7 79
31 7 64
32 7 29
33 7 9
34 7 93
35 7 20
36 7 59
37 7 93
38 7 57
39 7 74
40 7 67
41 7 81
42 7 36
43 7 41
44 7 9
45 7 90
46 7 84
47 7 58
48 7 6
49 7 30
50 7 87
51 7 83
52 7 39
53 7 76
54 7 69
55 7 82
56 7 59
57 7 41
58 7 98
59 7 37
60 7 60
1 8 85
2 8 66
3 8 6
4 8 16
5 8 88
6 8 25
7 8 87
8 8 61
9 8 96
10 8 11
11 8 89
12 8 65
13 8 86
14 8 79
15 8 98
16 8 38
17 8 40
18 8 44
19 8 2
20 8 60
21 8 99
22 8 74
23 8 5
24 8 39
25 8 57
26 8 18
27 8 45
28 8 10
29 8 3
30 8 39
31 8 8
32 8 54
33 8 17
34 8 80
35 8 74
36 8 3
37 8 4
38 8 19
39 8 77
40 8 28
41 8 87
42 8 38
43 8 31
44 8 64
45 8 20
46 8 60
47 8 63
48 8 3
49 8 69
50 8 7
51 8 78
52 8 41
53 8 7
54 8 72
55 8 10
56 8 98
57 8 78
58 8 40
59 8 49
60 8 20
1 9 54
2 9 70
3 9 74
4 9 23
5 9 88
6 9 38
7 9 89
8 9 75
9 9 24
10 9 2
11 9 61
12 9 4
13 9 30
14 9 37
15 9 20
16 9 53
17 9 56
18 9 54
19 9 51
20 9 69
21 9 45
22 9 88
23 9 96
24 9 76
25 9 25
26 9 43
27 9 44
28 9 44
29 9 95
30 9 6
31 9 76
32 9 94
33 9 53
34 9 79
35 9 3
36 9 84
37 9 34
38 9 99
39 9 96
40 9 53
41 9 79
42 9 21
43 9 12
44 9 42
45 9 24
46 9 99
47 9 54
48 9 1
49 9 88
50 9 8
51 9 29
52 9 61
53 9 20
54 9 48
55 9 89
56 9 25
57 9 94
58 9 68
59 9 57
60 9 6
1 10 5
2 10 77
3 10 87
4 10 21
5 10 74
6 10 21
7 10 12
8 10 17
9 10 78
10 10 73
11 10 69
12 10 87
13 10 66
14 10 44
15 10 4
16 10 2
17 10 10
18 10 13
19 10 5
20 10 63
21 10 24
22 10 36
23 10 15
24 10 58
25 10 39
26 10 90
27 10 20
28 10 81
29 10 18
30 10 51
31 10 99
32 10 23
33 10 39
34 10 18
35 10 19
36 10 68
37 10 5
38 10 23
39 10 71
40 10 55
41 10 33
42 10 12
43 10 7
44 10 63
45 10 45
46 10 58
47 10 13
48 10 53
49 10 65
50 10 59
51 10 23
52 10 75
53 10 79
54 10 26
55 10 80
56 10 2
57 10 34
58 10 64
59 10 74
60 10 71
1 11 62
2 11 15
3 11 23
4 11 43
5 11 73
6 11 79
7 11 83
8 11 90
9 11 48
10 11 80
11 11 2
12 11 91
13 11 1
14 11 12
15 11 35
16 11 96
17 11 40
18 11 72
19 11 17
20 11 71
21 11 10
22 11 16
23 11 34
24 11 57
25 11 91
26 11 35
27 11 46
28 11 86
29 11 26
30 11 66
31 11 67
32 11 52
33 11 58
34 11 2
35 11 81
36 11 21
37 11 21
38 11 15
39 11 71
40 11 23
41 11 18
42 11 62
43 11 75
44 11 78
45 11 73
46 11 17
47 11 7
48 11 39
49 11 39
50 11 14
51 11 95
52 11 41
53 11 99
54 11 55
55 11 42
56 11 10
57 11 6
58 11 88
59 11 86
60 11 67
1 12 27
2 12 37
3 12 40
4 12 17
5 12 2
6 12 75
7 12 29
8 12 20
9 12 31
10 12 67
11 12 47
12 12 83
13 12 46
14 12 5
15 12 17
16 12 23
17 12 30
18 12 15
19 12 1
20 12 73
21 12 94
22 12 31
23 12 31
24 12 53
25 12 31
26 12 48
27 12 27
28 12 20
29 12 86
30 12 86
31 12 27
32 12 57
33 12 35
34 12 62
35 12 59
36 12 89
37 12 51
38 12 20
39 12 24
40 12 11
41 12 95
42 12 80
43 12 56
44 12 74
45 12 75
46 12 16
47 12 2
48 12 92
49 12 41
50 12 40
51 12 22
52 12 14
53 12 23
54 12 94
55 12 3
56 12 7
57 12 40
58 12 56
59 12 43
60 12 53
1 13 8
2 13 95
3 13 42
4 13 27
5 13 40
6 13 72
7 13 20
8 13 27
9 13 31
10 13 40
11 13 23
12 13 70
13 13 45
14 13 89
15 13 16
16 13 79
17 13 65
18 13 73
19 13 58
20 13 10
21 13 63
22 13 70
23 13 4
24 13 11
25 13 5
26 13 92
27 13 96
28 13 11
29 13 1
30 13 39
31 13 23
32 13 61
33 13 61
34 13 54
35 13 61
36 13 4
37 13 20
38 13 46
39 13 41
40 13 20
41 13 28
42 13 59
43 13 86
44 13 86
45 13 48
46 13 26
47 13 23
48 13 65
49 13 86
50 13 25
51 13 63
52 13 58
53 13 45
54 13 32
55 13 5
56 13 45
57 13 82
58 13 35
59 13 97
60 13 78
1 14 26
2 14 51
3 14 77
4 14 77
5 14 50
6 14 70
7 14 64
8 14 73
9 14 41
10 14 3
11 14 71
12 14 89
13 14 93
14 14 23
15 14 75
16 14 53
17 14 12
18 14 17
19 14 49
20 14 81
21 14 26
22 14 90
23 14 50
24 14 76
25 14 22
26 14 92
27 14 11
28 14 31
29 14 67
30 14 52
31 14 93
32 14 35
33 14 67
34 14 42
35 14 91
36 14 18
37 14 93
38 14 23
39 14 82
40 14 80
41 14 59
42 14 12
43 14 83
44 14 92
45 14 43
46 14 95
47 14 53
48 14 72
49 14 83
50 14 84
51 14 44
52 14 61
53 14 83
54 14 58
55 14 98
56 14 62
57 14 21
58 14 68
59 14 32
60 14 15
1 15 31
2 15 92
3 15 72
4 15 10
5 15 18
6 15 57
7 15 28
8 15 81
9 15 23
10 15 61
11 15 98
12 15 26
13 15 20
14 15 84
15 15 77
16 15 18
17 15 56
18 15 63
19 15 83
20 15 53
21 15 48
22 15 47
23 15 34
24 15 20
25 15 74
26 15 87
27 15 43
28 15 71
29 15 54
30 15 18
31 15 8
32 15 76
33 15 9
34 15 29
35 15 25
36 15 41
37 15 8
38 15 36
39 15 24
40 15 50
41 15 84
42 15 4
43 15 46
44 15 68
45 15 56
46 15 79
47 15 79
48 15 85
49 15 77
50 15 31
51 15 33
52 15 13
53 15 33
54 15 17
55 15 19
56 15 55
57 15 26
58 15 7
59 15 68
60 15 18
1 16 28
2 16 48
3 16 4
4 16 30
5 16 3
6 16 51
7 16 42
8 16 76
9 16 7
10 16 15
11 16 96
12 16 88
13 16 40
14 16 41
15 16 12
16 16 26
17 16 92
18 16 98
19 16 45
20 16 51
21 16 14
22 16 26
23 16 69
24 16 77
25 16 2
26 16 3
27 16 79
28 16 48
29 16 81
30 16 18
31 16 12
32 16 71
33 16 34
34 16 10
35 16 12
36 16 19
37 16 76
38 16 70
39 16 17
40 16 69
41 16 23
42 16 24
43 16 37
44 16 43
45 16 62
46 16 33
47 16 33
48 16 73
49 16 41
50 16 91
51 16 52
52 16 99
53 16 37
54 16 92
55 16 61
56 16 80
57 16 56
58 16 8
59 16 70
60 16 62
1 17 96
2 17 89
3 17 60
4 17 61
5 17 53
6 17 98
7 17 48
8 17 23
9 17 60
10 17 18
11 17 46
12 17 82
13 17 5
14 17 89
15 17 14
16 17 45
17 17 41
18 17 11
19 17 97
20 17 43
21 17 2
22 17 52
23 17 8
24 17 52
25 17 82
26 17 99
27 17 79
28 17 61
29 17 39
30 17 30
31 17 23
32 17 45
33 17 43
34 17 62
35 17 56
36 17 74
37 17 56
38 17 56
39 17 59
40 17 52
41 17 46
42 17 46
43 17 25
44 17 84
45 17 38
46 17 34
47 17 72
48 17 7
49 17 79
50 17 72
51 17 48
52 17 26
53 17 66
54 17 18
55 17 44
56 17 60
57 17 50
58 17 33
59 17 95
60 17 70
1 18 33
2 18 65
3 18 46
4 18 26
5 18 5
6 18 48
7 18 87
8 18 55
9 18 5
10 18 68
11 18 15
12 18 51
13 18 90
14 18 26
15 18 51
16 18 54
17 18 49
18 18 73
19 18 35
20 18 25
21 18 92
22 18 91
23 18 76
24 18 70
25 18 14
26 18 75
27 18 23
28 18 10
29 18 5
30 18 99
31 18 85
32 18 63
33 18 56
34 18 3
35 18 25
36 18 17
37 18 80
38 18 26
39 18 1
40 18 6
41 18 46
42 18 68
43 18 15
44 18 96
45 18 16
46 18 51
47 18 25
48 18 77
49 18 4
50 18 20
51 18 98
52 18 77
53 18 12
54 18 9
55 18 25
56 18 82
57 18 12
58 18 53
59 18 28
60 18 19
1 19 74
2 19 27
3 19 22
4 19 5
5 19 70
6 19 26
7 19 21
8 19 12
9 19 82
10 19 49
11 19 87
12 19 85
13 19 19
14 19 33
15 19 81
16 19 97
17 19 6
18 19 34
19 19 47
20 19 46
21 19 5
22 19 80
23 19 38
24 19 26
25 19 82
26 19 34
27 19 90
28 19 26
29 19 18
30 19 27
31 19 73
32 19 38
33 19 50
34 19 63
35 19 83
36 19 66
37 19 72
38 19 16
39 19 71
40 19 90
41 19 39
42 19 39
43 19 95
44 19 14
45 19 49
46 19 85
47 19 68
48 19 96
49 19 10
50 19 8
51 19 21
52 19 62
53 19 95
54 19 59
55 19 6
56 19 14
57 19 62
58 19 51
59 19 19
60 19 23
1 20 80
2 20 16
3 20 97
4 20 51
5 20 89
6 20 77
7 20 49
8 20 29
9 20 1
10 20 48
11 20 91
12 20 12
13 20 89
14 20 87
15 20 22
16 20 65
17 20 54
18 20 93
19 20 50
20 20 69
21 20 41
22 20 25
23 20 50
24 20 34
25 20 59
26 20 53
27 20 30
28 20 70
29 20 26
30 20 12
31 20 9
32 20 53
33 20 33
34 20 86
35 20 66
36 20 75
37 20 11
38 20 57
39 20 97
40 20 80
41 20 32
42 20 93
43 20 72
44 20 21
45 20 90
46 20 56
47 20 16
48 20 74
49 20 39
50 20 71
51 20 32
52 20 23
53 20 77
54 20 60
55 20 41
56 20 79
57 20 15
58 20 56
59 20 13
60 20 4
1 21 59
2 21 38
3 21 10
4 21 54
5 21 2
6 21 50
7 21 72
8 21 59
9 21 99
10 21 12
11 21 11
12 21 17
13 21 81
14 21 18
15 21 81
16 21 43
17 21 10
18 21 78
19 21 78
20 21 31
21 21 97
22 21 75
23 21 46
24 21 97
25 21 59
26 21 7
27 21 1
28 21 22
29 21 25
30 21 57
31 21 38
32 21 8
33 21 63
34 21 23
35 21 25
36 21 21
37 21 98
38 21 62
39 21 35
40 21 84
41 21 5
42 21 70
43 21 71
44 21 40
45 21 4
46 21 81
47 21 64
48 21 87
49 21 30
50 21 57
51 21 61
52 21 85
53 21 13
54 21 11
55 21 47
56 21 68
57 21 92
58 21 79
59 21 38
60 21 94
1 22 86
2 22 40
3 22 61
4 22 57
5 22 53
6 22 29
7 22 6
8 22 6
9 22 28
10 22 25
11 22 99
12 22 67
13 22 37
14 22 81
15 22 66
16 22 62
17 22 93
18 22 43
19 22 40
20 22 46
21 22 50
22 22 65
23 22 69
24 22 45
25 22 58
26 22 28
27 22 21
28 22 41
29 22 47
30 22 13
31 22 64
32 22 37
33 22 40
34 22 83
35 22 18
36 22 10
37 22 58
38 22 90
39 22 57
40 22 21
41 22 82
42 22 84
43 22 38
44 22 55
45 22 74
46 22 16
47 22 79
48 22 3
49 22 83
50 22 53
51 22 8
52 22 94
53 22 79
54 22 47
55 22 57
56 22 73
57 22 93
58 22 20
59 22 76
60 22 54
1 23 55
2 23 61
3 23 90
4 23 97
5 23 62
6 23 62
7 23 18
8 23 8
9 23 22
10 23 12
11 23 36
12 23 34
13 23 41
14 23 34
15 23 48
16 23 29
17 23 56
18 23 63
19 23 1
20 23 87
21 23 44
22 23 59
23 23 41
24 23 88
25 23 45
26 23 16
27 23 32
28 23 93
29 23 70
30 23 27
31 23 51
32 23 81
33 23 15
34 23 1
35 23 31
36 23 32
37 23 69
38 23 47
39 23 49
40 23 74
41 23 2
42 23 65
43 23 50
44 23 72
45 23 74
46 23 11
47 23 56
48 23 1
49 23 87
50 23 34
51 23 17
52 23 52
53 23 88
54 23 5
55 23 89
56 23 70
57 23 84
58 23 56
59 23 53
60 23 86
1 24 28
2 24 34
3 24 8
4 24 26
5 24 87
6 24 27
7 24 1
8 24 4
9 24 17
10 24 4
11 24 75
12 24 18
13 24 68
14 24 96
15 24 58
16 24 20
17 24 41
18 24 96
19 24 14
20 24 18
21 24 37
22 24 59
23 24 22
24 24 39
25 24 66
26 24 27
27 24 80
28 24 62
29 24 53
30 24 22
31 24 30
32 24 89
33 24 95
34 24 71
35 24 38
36 24 26
37 24 1
38 24 54
39 24 17
40 24 83
41 24 99
42 24 90
43 24 36
44 24 26
45 24 8
46 24 19
47 24 71
48 24 18
49 24 91
50 24 21
51 24 98
52 24 59
53 24 37
54 24 89
55 24 7
56 24 98
57 24 66
58 24 59
59 24 19
60 24 70
1 25 17
2 25 39
3 25 24
4 25 99
5 25 89
6 25 17
7 25 57
8 25 52
9 25 41
10 25 20
11 25 96
12 25 52
13 25 51
14 25 65
15 25 49
16 25 71
17 25 20
18 25 19
19 25 53
20 25 68
21 25 60
22 25 57
23 25 16
24 25 36
25 25 85
26 25 95
27 25 65
28 25 88
29 25 16
30 25 30
31 25 84
32 25 83
33 25 57
34 25 2
35 25 49
36 25 69
37 25 18
38 25 89
39 25 9
40 25 8
41 25 64
42 25 80
43 25 61
44 25 95
45 25 44
46 25 78
47 25 9
48 25 11
49 25 17
50 25 52
51 25 16
52 25 27
53 25 74
54 25 24
55 25 97
56 25 94
57 25 41
58 25 70
59 25 94
60 25 75
1 26 83
2 26 62
3 26 33
4 26 73
5 26 71
6 26 76
7 26 69
8 26 12
9 26 76
10 26 56
11 26 63
12 26 28
13 26 88
14 26 13
15 26 32
16 26 10
17 26 90
18 26 76
19 26 83
20 26 80
21 26 27
22 26 42
23 26 26
24 26 11
25 26 50
26 26 84
27 26 1
28 26 11
29 26 31
30 26 26
31 26 90
32 26 32
33 26 74
34 26 77
35 26 98
36 26 94
37 26 67
38 26 97
39 26 2
40 26 95
41 26 48
42 26 29
43 26 15
44 26 82
45 26 94
46 26 14
47 26 31
48 26 95
49 26 41
50 26 2
51 26 21
52 26 3
53 26 92
54 26 86
55 26 2
56 26 92
57 26 90
58 26 49
59 26 11
60 26 94
1 27 43
2 27 92
3 27 52
4 27 41
5 27 35
6 27 87
7 27 91
8 27 83
9 27 69
10 27 71
11 27 15
12 27 48
13 27 9
14 27 64
15 27 88
16 27 73
17 27 29
18 27 1
19 27 84
20 27 64
21 27 86
22 27 91
23 27 44
24 27 79
25 27 68
26 27 51
27 27 10
28 27 3
29 27 89
30 27 72
31 27 38
32 27 90
33 27 31
34 27 25
35 27 81
36 27 90
37 27 50
38 27 5
39 27 98
40 27 61
41 27 15
42 27 76
43 27 27
44 27 55
45 27 21
46 27 65
47 27 32
48 27 34
49 27 2
50 27 12
51 27 17
52 27 35
53 27 54
54 27 77
55 27 53
56 27 98
57 27 26
58 27 72
59 27 71
60 27 32
1 28 31
2 28 54
3 28 21
4 28 74
5 28 11
6 28 94
7 28 77
8 28 79
9 28 42
10 28 32
11 28 81
12 28 30
13 28 56
14 28 56
15 28 10
16 28 58
17 28 36
18 28 80
19 28 23
20 28 33
21 28 86
22 28 5
23 28 56
24 28 34
25 28 14
26 28 87
27 28 24
28 28 29
29 28 47
30 28 57
31 28 59
32 28 26
33 28 84
34 28 40
35 28 23
36 28 54
37 28 63
38 28 94
39 28 46
40 28 11
41 28 73
42 28 71
43 28 81
44 28 75
45 28 60
46 28 30
47 28 85
48 28 59
49 28 95
50 28 1
51 28 62
52 28 69
53 28 23
54 28 57
55 28 33
56 28 93
57 28 71
58 28 45
59 28 10
60 28 23
1 29 30
2 29 82
3 29 94
4 29 88
5 29 11
6 29 20
7 29 35
8 29 71
9 29 36
10 29 40
11 29 91
12 29 99
13 29 47
14 29 18
15 29 14
16 29 66
17 29 5
18 29 85
19 29 29
20 29 16
21 29 30
22 29 65
23 29 80
24 29 77
25 29 11
26 29 69
27 29 77
28 29 56
29 29 74
30 29 68
31 29 40
32 29 15
33 29 87
34 29 96
35 29 55
36 29 84
37 29 61
38 29 31
39 29 75
40 29 1
41 29 36
42 29 63
43 29 21
44 29 65
45 29 3
46 29 62
47 29 71
48 29 54
49 29 85
50 29 78
51 29 65
52 29 46
53 29 59
54 29 58
55 29 32
56 29 21
57 29 19
58 29 58
59 29 21
60 29 71
1 30 7
2 30 71
3 30 20
4 30 23
5 30 46
6 30 16
7 30 65
8 30 32
9 30 73
10 30 54
11 30 87
12 30 49
13 30 37
14 30 20
15 30 41
16 30 36
17 30 21
18 30 91
19 30 23
20 30 73
21 30 10
22 30 38
23 30 72
24 30 22
25 30 89
26 30 9
27 30 99
28 30 99
29 30 76
30 30 65
31 30 98
32 30 97
33 30 92
34 30 62
35 30 33
36 30 47
37 30 45
38 30 30
39 30 5
40 30 10
41 30 74
42 30 16
43 30 41
44 30 57
45 30 77
46 30 82
47 30 63
48 30 48
49 30 20
50 30 86
51 30 16
52 30 40
53 30 99
54 30 61
55 30 79
56 30 76
57 30 19
58 30 89
59 30 92
60 30 45
1 31 77
2 31 48
3 31 46
4 31 98
5 31 96
6 31 47
7 31 39
8 31 71
9 31 39
10 31 96
11 31 3
12 31 54
13 31 82
14 31 87
15 31 35
16 31 96
17 31 57
18 31 47
19 31 97
20 31 46
21 31 57
22 31 26
23 31 70
24 31 53
25 31 91
26 31 19
27 31 65
28 31 99
29 31 35
30 31 22
31 31 45
32 31 22
33 31 81
34 31 88
35 31 99
36 31 47
37 31 20
38 31 24
39 31 71
40 31 61
41 31 94
42 31 45
43 31 39
44 31 58
45 31 4
46 31 86
47 31 90
48 31 74
49 31 43
50 31 29
51 31 58
52 31 82
53 31 30
54 31 79
55 31 87
56 31 97
57 31 36
58 31 48
59 31 64
60 31 38
1 32 13
2 32 70
3 32 20
4 32 25
5 32 10
6 32 85
7 32 98
8 32 26
9 32 5
10 32 87
11 32 45
12 32 66
13 32 96
14 32 73
15 32 48
16 32 74
17 32 32
18 32 76
19 32 59
20 32 28
21 32 64
22 32 62
23 32 59
24 32 16
25 32 75
26 32 17
27 32 43
28 32 37
29 32 97
30 32 59
31 32 58
32 32 98
33 32 16
34 32 44
35 32 6
36 32 86
37 32 50
38 32 60
39 32 82
40 32 22
41 32 32
42 32 30
43 32 47
44 32 18
45 32 40
46 32 52
47 32 14
48 32 10
49 32 51
50 32 63
51 32 19
52 32 29
53 32 14
54 32 4
55 32 16
56 32 14
57 32 67
58 32 1
59 32 87
60 32 20
1 33 54
2 33 31
3 33 82
4 33 43
5 33 98
6 33 98
7 33 17
8 33 68
9 33 52
10 33 53
11 33 94
12 33 32
13 33 20
14 33 35
15 33 44
16 33 31
17 33 36
18 33 20
19 33 72
20 33 34
21 33 36
22 33 3
23 33 70
24 33 80
25 33 50
26 33 28
27 33 45
28 33 52
29 33 20
30 33 88
31 33 50
32 33 77
33 33 97
34 33 13
35 33 25
36 33 93
37 33 4
38 33 36
39 33 94
40 33 65
41 33 31
42 33 25
43 33 76
44 33 60
45 33 29
46 33 84
47 33 77
48 33 2
49 33 8
50 33 87
51 33 11
52 33 71
53 33 48
54 33 90
55 33 45
56 33 21
57 33 95
58 33 34
59 33 68
60 33 15
1 34 87
2 34 34
3 34 36
4 34 24
5 34 36
6 34 26
7 34 22
8 34 28
9 34 63
10 34 3
11 34 9
12 34 7
13 34 66
14 34 58
15 34 73
16 34 19
17 34 55
18 34 54
19 34 65
20 34 13
21 34 95
22 34 35
23 34 67
24 34 4
25 34 38
26 34 72
27 34 98
28 34 19
29 34 35
30 34 36
31 34 5
32 34 90
33 34 60
34 34 86
35 34 28
36 34 55
37 34 88
38 34 61
39 34 65
40 34 84
41 34 96
42 34 87
43 34 52
44 34 52
45 34 1
46 34 54
47 34 33
48 34 28
49 34 37
50 34 17
51 34 4
52 34 25
53 34 50
54 34 13
55 34 35
56 34 72
57 34 46
58 34 37
59 34 16
60 34 76
1 35 18
2 35 71
3 35 77
4 35 79
5 35 72
6 35 90
7 35 83
8 35 50
9 35 90
10 35 77
11 35 94
12 35 56
13 35 15
14 35 30
15 35 46
16 35 97
17 35 39
18 35 35
19 35 3
20 35 15
21 35 49
22 35 37
23 35 63
24 35 84
25 35 40
26 35 42
27 35 54
28 35 75
29 35 2
30 35 18
31 35 4
32 35 30
33 35 59
34 35 98
35 35 9
36 35 88
37 35 91
38 35 84
39 35 38
40 35 72
41 35 91
42 35 8
43 35 5
44 35 94
45 35 17
46 35 11
47 35 41
48 35 67
49 35 55
50 35 43
51 35 31
52 35 15
53 35 7
54 35 78
55 35 93
56 35 21
57 35 45
58 35 13
59 35 18
60 35 69
1 36 25
2 36 96
3 36 99
4 36 48
5 36 36
6 36 94
7 36 26
8 36 32
9 36 29
10 36 4
11 36 3
12 36 66
13 36 52
14 36 52
15 36 38
16 36 13
17 36 90
18 36 58
19 36 8
20 36 23
21 36 82
22 36 41
23 36 70
24 36 71
25 36 64
26 36 98
27 36 18
28 36 45
29 36 59
30 36 89
31 36 73
32 36 67
33 36 21
34 36 95
35 36 67
36 36 30
37 36 91
38 36 56
39 36 54
40 36 31
41 36 32
42 36 78
43 36 65
44 36 60
45 36 51
46 36 82
47 36 92
48 36 75
49 36 12
50 36 43
51 36 50
52 36 56
53 36 21
54 36 13
55 36 73
56 36 37
57 36 14
58 36 50
59 36 39
60 36 51
1 37 93
2 37 1
3 37 17
4 37 42
5 37 87
6 37 87
7 37 94
8 37 10
9 37 31
10 37 3
11 37 23
12 37 17
13 37 89
14 37 33
15 37 91
16 37 64
17 37 78
18 37 42
19 37 15
20 37 10
21 37 48
22 37 85
23 37 94
24 37 91
25 37 33
26 37 60
27 37 93
28 37 68
29 37 88
30 37 80
31 37 33
32 37 17
33 37 69
34 37 51
35 37 96
36 37 24
37 37 11
38 37 86
39 37 96
40 37 55
41 37 26
42 37 73
43 37 62
44 37 26
45 37 28
46 37 90
47 37 22
48 37 72
49 37 40
50 37 42
51 37 5
52 37 99
53 37 54
54 37 48
55 37 94
56 37 86
57 37 46
58 37 8
59 37 87
60 37 33
1 38 59
2 38 33
3 38 56
4 38 2
5 38 24
6 38 12
7 38 12
8 38 97
9 38 64
10 38 55
11 38 18
12 38 64
13 38 9
14 38 25
15 38 4
16 38 6
17 38 12
18 38 64
19 38 73
20 38 60
21 38 53
22 38 65
23 38 13
24 38 86
25 38 74
26 38 39
27 38 31
28 38 34
29 38 51
30 38 99
31 38 13
32 38 6
33 38 35
34 38 47
35 38 39
36 38 48
37 38 8
38 38 26
39 38 16
40 38 12
41 38 13
42 38 97
43 38 26
44 38 70
45 38 78
46 38 38
47 38 80
48 38 9
49 38 46
50 38 68
51 38 42
52 38 87
53 38 53
54 38 64
55 38 40
56 38 68
57 38 42
58 38 13
59 38 13
60 38 55
1 39 5
2 39 99
3 39 28
4 39 69
5 39 67
6 39 57
7 39 89
8 39 82
9 39 87
10 39 8
11 39 10
12 39 66
13 39 8
14 39 67
15 39 17
16 39 38
17 39 97
18 39 12
19 39 27
20 39 95
21 39 75
22 39 7
23 39 97
24 39 95
25 39 85
26 39 63
27 39 43
28 39 3
29 39 79
30 39 68
31 39 71
32 39 8
33 39 25
34 39 92
35 39 93
36 39 13
37 39 43
38 39 91
39 39 90
40 39 12
41 39 41
42 39 39
43 39 49
44 39 25
45 39 92
46 39 60
47 39 12
48 39 64
49 39 92
50 39 66
51 39 80
52 39 36
53 39 83
54 39 83
55 39 87
56 39 10
57 39 12
58 39 56
59 39 25
60 39 5
1 40 97
2 40 50
3 40 68
4 40 81
5 40 95
6 40 83
7 40 71
8 40 35
9 40 90
10 40 75
11 40 4
12 40 28
13 40 62
14 40 73
15 40 41
16 40 4
17 40 97
18 40 20
19 40 60
20 40 80
21 40 54
22 40 41
23 40 77
24 40 7
25 40 89
26 40 94
27 40 36
28 40 37
29 40 8
30 40 6
31 40 43
32 40 46
33 40 96
34 40 48
35 40 89
36 40 96
37 40 64
38 40 97
39 40 26
40 40 42
41 40 75
42 40 28
43 40 66
44 40 6
45 40 58
46 40 37
47 40 42
48 40 81
49 40 42
50 40 32
51 40 37
52 40 49
53 40 37
54 40 95
55 40 58
56 40 93
57 40 57
58 40 34
59 40 44
60 40 68
1 41 61
2 41 46
3 41 8
4 41 58
5 41 67
6 41 98
7 41 50
8 41 9
9 41 44
10 41 80
11 41 22
12 41 47
13 41 4
14 41 65
15 41 91
16 41 99
17 41 50
18 41 22
19 41 62
20 41 90
21 41 37
22 41 30
23 41 44
24 41 67
25 41 59
26 41 13
27 41 63
28 41 87
29 41 85
30 41 88
31 41 88
32 41 77
33 41 78
34 41 82
35 41 76
36 41 29
37 41 87
38 41 79
39 41 89
40 41 7
41 41 8
42 41 97
43 41 25
44 41 70
45 41 20
46 41 98
47 41 71
48 41 52
49 41 73
50 41 93
51 41 62
52 41 25
53 41 78
54 41 92
55 41 10
56 41 65
57 41 4
58 41 92
59 41 36
60 41 89
1 42 14
2 42 42
3 42 23
4 42 19
5 42 74
6 42 89
7 42 63
8 42 5
9 42 26
10 42 20
11 42 73
12 42 9
13 42 97
14 42 35
15 42 6
16 42 43
17 42 8
18 42 32
19 42 70
20 42 83
21 42 78
22 42 88
23 42 54
24 42 33
25 42 54
26 42 42
27 42 88
28 42 2
29 42 18
30 42 56
31 42 20
32 42 8
33 42 20
34 42 72
35 42 77
36 42 32
37 42 81
38 42 13
39 42 31
40 42 88
41 42 37
42 42 87
43 42 95
44 42 70
45 42 17
46 42 1
47 42 33
48 42 2
49 42 89
50 42 68
51 42 35
52 42 99
53 42 27
54 42 10
55 42 3
56 42 24
57 42 41
58 42 49
59 42 61
60 42 74
1 43 12
2 43 45
3 43 61
4 43 57
5 43 22
6 43 53
7 43 59
8 43 39
9 43 46
10 43 67
11 43 92
12 43 42
13 43 69
14 43 2
15 43 75
16 43 76
17 43 32
18 43 19
19 43 77
20 43 90
21 43 28
22 43 3
23 43 82
24 43 88
25 43 98
26 43 34
27 43 24
28 43 61
29 43 5
30 43 26
31 43 38
32 43 9
33 43 60
34 43 22
35 43 7
36 43 63
37 43 74
38 43 55
39 43 51
40 43 43
41 43 26
42 43 39
43 43 17
44 43 85
45 43 55
46 43 23
47 43 60
48 43 45
49 43 76
50 43 39
51 43 14
52 43 62
53 43 23
54 43 29
55 43 12
56 43 21
57 43 84
58 43 7
59 43 83
60 43 70
1 44 97
2 44 34
3 44 52
4 44 66
5 44 3
6 44 67
7 44 5
8 44 57
9 44 75
10 44 42
11 44 14
12 44 33
13 44 96
14 44 83
15 44 20
16 44 95
17 44 20
18 44 58
19 44 21
20 44 30
21 44 45
22 44 28
23 44 15
24 44 77
25 44 16
26 44 32
27 44 95
28 44 51
29 44 89
30 44 45
31 44 2
32 44 32
33 44 65
34 44 75
35 44 64
36 44 40
37 44 41
38 44 86
39 44 7
40 44 77
41 44 57
42 44 72
43 44 83
44 44 78
45 44 45
46 44 27
47 44 72
48 44 9
49 44 76
50 44 60
51 44 59
52 44 14
53 44 99
54 44 72
55 44 58
56 44 6
57 44 83
58 44 95
59 44 82
60 44 15
1 45 35
2 45 35
3 45 47
4 45 84
5 45 39
6 45 3
7 45 62
8 45 54
9 45 44
10 45 99
11 45 63
12 45 72
13 45 93
14 45 4
15 45 72
16 45 31
17 45 72
18 45 67
19 45 95
20 45 16
21 45 27
22 45 27
23 45 99
24 45 15
25 45 62
26 45 81
27 45 21
28 45 21
29 45 45
30 45 96
31 45 99
32 45 32
33 45 53
34 45 34
35 45 43
36 45 25
37 45 41
38 45 10
39 45 61
40 45 70
41 45 42
42 45 52
43 45 30
44 45 95
45 45 98
46 45 84
47 45 71
48 45 28
49 45 96
50 45 71
51 45 61
52 45 68
53 45 61
54 45 99
55 45 94
56 45 83
57 45 22
58 45 83
59 45 82
60 45 9
1 46 58
2 46 9
3 46 50
4 46 4
5 46 92
6 46 67
7 46 62
8 46 8
9 46 82
10 46 37
11 46 1
12 46 77
13 46 30
14 46 6
15 46 60
16 46 11
17 46 23
18 46 61
19 46 47
20 46 86
21 46 45
22 46 76
23 46 94
24 46 75
25 46 61
26 46 69
27 46 25
28 46 2
29 46 31
30 46 26
31 46 24
32 46 60
33 46 19
34 46 1
35 46 14
36 46 15
37 46 16
38 46 35
39 46 31
40 46 46
41 46 61
42 46 71
43 46 49
44 46 2
45 46 68
46 46 46
47 46 11
48 46 88
49 46 56
50 46 74
51 46 40
52 46 9
53 46 64
54 46 88
55 46 69
56 46 3
57 46 94
58 46 67
59 46 93
60 46 85
1 47 6
2 47 79
3 47 27
4 47 74
5 47 62
6 47 36
7 47 46
8 47 35
9 47 97
10 47 4
11 47 24
12 47 9
13 47 67
14 47 44
15 47 1
16 47 98
17 47 78
18 47 75
19 47 40
20 47 8
21 47 30
22 47 62
23 47 72
24 47 78
25 47 11
26 47 87
27 47 16
28 47 74
29 47 21
30 47 74
31 47 35
32 47 84
33 47 27
34 47 33
35 47 76
36 47 60
37 47 62
38 47 73
39 47 79
40 47 13
41 47 30
42 47 11
43 47 70
44 47 26
45 47 78
46 47 32
47 47 74
48 47 59
49 47 49
50 47 20
51 47 9
52 47 53
53 47 13
54 47 54
55 47 37
56 47 63
57 47 57
58 47 21
59 47 11
60 47 73
1 48 87
2 48 13
3 48 7
4 48 78
5 48 38
6 48 94
7 48 56
8 48 31
9 48 32
10 48 67
11 48 23
12 48 81
13 48 15
14 48 65
15 48 49
16 48 82
17 48 61
18 48 55
19 48 19
20 48 7
21 48 31
22 48 23
23 48 76
24 48 21
25 48 12
26 48 77
27 48 9
28 48 12
29 48 89
30 48 8
31 48 84
32 48 39
33 48 29
34 48 54
35 48 94
36 48 83
37 48 48
38 48 95
39 48 56
40 48 11
41 48 25
42 48 67
43 48 63
44 48 59
45 48 72
46 48 47
47 48 92
48 48 21
49 48 72
50 48 82
51 48 7
52 48 95
53 48 40
54 48 50
55 48 8
56 48 12
57 48 73
58 48 55
59 48 36
60 48 58
1 49 9
2 49 37
3 49 21
4 49 67
5 49 73
6 49 12
7 49 10
8 49 45
9 49 30
10 49 85
11 49 62
12 49 30
13 49 31
14 49 18
15 49 61
16 49 43
17 49 34
18 49 4
19 49 82
20 49 44
21 49 56
22 49 27
23 49 38
24 49 15
25 49 56
26 49 86
27 49 65
28 49 35
29 49 85
30 49 6
31 49 44
32 49 16
33 49 28
34 49 66
35 49 51
36 49 16
37 49 33
38 49 47
39 49 92
40 49 43
41 49 20
42 49 36
43 49 66
44 49 28
45 49 82
46 49 61
47 49 57
48 49 15
49 49 47
50 49 55
51 49 53
52 49 12
53 49 46
54 49 45
55 49 40
56 49 85
57 49 23
58 49 39
59 49 16
60 49 10
1 50 72
2 50 40
3 50 35
4 50 84
5 50 76
6 50 28
7 50 62
8 50 96
9 50 13
10 50 64
11 50 6
12 50 90
13 50 18
14 50 37
15 50 59
16 50 50
17 50 48
18 50 30
19 50 66
20 50 40
21 50 70
22 50 90
23 50 92
24 50 40
25 50 66
26 50 40
27 50 66
28 50 62
29 50 48
30 50 32
31 50 28
32 50 59
33 50 97
34 50 68
35 50 87
36 50 44
37 50 96
38 50 19
39 50 90
40 50 81
41 50 5
42 50 16
43 50 42
44 50 33
45 50 89
46 50 1
47 50 35
48 50 51
49 50 37
50 50 58
51 50 79
52 50 66
53 50 79
54 50 71
55 50 35
56 50 4
57 50 29
58 50 61
59 50 95
60 50 31
1 51 3
2 51 13
3 51 70
4 51 18
5 51 64
6 51 92
7 51 57
8 51 59
9 51 45
10 51 12
11 51 24
12 51 98
13 51 91
14 51 96
15 51 20
16 51 49
17 51 64
18 51 56
19 51 88
20 51 93
21 51 96
22 51 69
23 51 66
24 51 23
25 51 62
26 51 26
27 51 72
28 51 37
29 51 35
30 51 3
31 51 36
32 51 12
33 51 22
34 51 48
35 51 13
36 51 27
37 51 16
38 51 12
39 51 75
40 51 75
41 51 91
42 51 45
43 51 3
44 51 35
45 51 42
46 51 48
47 51 83
48 51 49
49 51 33
50 51 58
51 51 17
52 51 46
53 51 14
54 51 86
55 51 71
56 51 23
57 51 23
58 51 56
59 51 43
60 51 28
1 52 74
2 52 3
3 52 19
4 52 57
5 52 8
6 52 25
7 52 28
8 52 34
9 52 33
10 52 22
11 52 51
12 52 24
13 52 22
14 52 30
15 52 18
16 52 35
17 52 19
18 52 57
19 52 5
20 52 76
21 52 54
22 52 76
23 52 16
24 52 87
25 52 14
26 52 26
27 52 17
28 52 62
29 52 76
30 52 33
31 52 41
32 52 28
33 52 28
34 52 45
35 52 5
36 52 53
37 52 23
38 52 49
39 52 89
40 52 96
41 52 36
42 52 10
43 52 68
44 52 16
45 52 35
46 52 49
47 52 12
48 52 1
49 52 68
50 52 56
51 52 80
52 52 10
53 52 49
54 52 5
55 52 87
56 52 4
57 52 62
58 52 1
59 52 99
60 52 20
1 53 54
2 53 97
3 53 9
4 53 41
5 53 62
6 53 60
7 53 80
8 53 17
9 53 95
10 53 50
11 53 73
12 53 78
13 53 83
14 53 62
15 53 89
16 53 45
17 53 42
18 53 52
19 53 80
20 53 92
21 53 30
22 53 23
23 53 36
24 53 57
25 53 1
26 53 56
27 53 31
28 53 85
29 53 63
30 53 17
31 53 96
32 53 58
33 53 1
34 53 60
35 53 42
36 53 31
37 53 36
38 53 24
39 53 56
40 53 98
41 53 18
42 53 75
43 53 56
44 53 52
45 53 76
46 53 58
47 53 52
48 53 91
49 53 70
50 53 61
51 53 68
52 53 28
53 53 30
54 53 78
55 53 22
56 53 61
57 53 60
58 53 62
59 53 50
60 53 37
1 54 59
2 54 77
3 54 57
4 54 19
5 54 75
6 54 5
7 54 87
8 54 22
9 54 94
10 54 55
11 54 74
12 54 83
13 54 46
14 54 91
15 54 17
16 54 97
17 54 50
18 54 74
19 54 71
20 54 16
21 54 62
22 54 69
23 54 74
24 54 83
25 54 85
26 54 92
27 54 15
28 54 96
29 54 40
30 54 77
31 54 50
32 54 64
33 54 33
34 54 81
35 54 11
36 54 32
37 54 51
38 54 82
39 54 44
40 54 90
41 54 75
42 54 21
43 54 97
44 54 87
45 54 1
46 54 89
47 54 34
48 54 4
49 54 81
50 54 80
51 54 39
52 54 60
53 54 71
54 54 38
55 54 47
56 54 92
57 54 1
58 54 78
59 54 21
60 54 72
1 55 18
2 55 75
3 55 35
4 55 86
5 55 5
6 55 22
7 55 61
8 55 5
9 55 14
10 55 16
11 55 61
12 55 77
13 55 2
14 55 31
15 55 21
16 55 60
17 55 64
18 55 76
19 55 91
20 55 64
21 55 87
22 55 43
23 55 21
24 55 51
25 55 67
26 55 99
27 55 87
28 55 45
29 55 69
30 55 93
31 55 68
32 55 28
33 55 34
34 55 49
35 55 13
36 55 28
37 55 36
38 55 87
39 55 89
40 55 32
41 55 66
42 55 96
43 55 41
44 55 74
45 55 87
46 55 43
47 55 61
48 55 83
49 55 87
50 55 82
51 55 70
52 55 83
53 55 22
54 55 23
55 55 62
56 55 98
57 55 33
58 55 57
59 55 47
60 55 91
1 56 76
2 56 42
3 56 17
4 56 38
5 56 94
6 56 15
7 56 92
8 56 19
9 56 26
10 56 61
11 56 53
12 56 87
13 56 22
14 56 90
15 56 36
16 56 38
17 56 37
18 56 57
19 56 66
20 56 72
21 56 80
22 56 55
23 56 57
24 56 73
25 56 79
26 56 76
27 56 84
28 56 93
29 56 65
30 56 84
31 56 32
32 56 39
33 56 93
34 56 74
35 56 48
36 56 8
37 56 68
38 56 5
39 56 85
40 56 2
41 56 12
42 56 24
43 56 86
44 56 32
45 56 12
46 56 28
47 56 51
48 56 76
49 56 40
50 56 21
51 56 6
52 56 74
53 56 22
54 56 67
55 56 37
56 56 51
57 56 91
58 56 57
59 56 84
60 56 12
1 57 75
2 57 25
3 57 95
4 57 52
5 57 81
6 57 83
7 57 74
8 57 78
9 57 89
10 57 75
11 57 3
12 57 24
13 57 71
14 57 50
15 57 99
16 57 4
17 57 77
18 57 15
19 57 43
20 57 59
21 57 78
22 57 27
23 57 79
24 57 71
25 57 51
26 57 7
27 57 98
28 57 46
29 57 31
30 57 12
31 57 37
32 57 10
33 57 89
34 57 92
35 57 45
36 57 52
37 57 91
38 57 11
39 57 31
40 57 20
41 57 56
42 57 2
43 57 58
44 57 40
45 57 22
46 57 9
47 57 81
48 57 29
49 57 77
50 57 25
51 57 19
52 57 13
53 57 23
54 57 12
55 57 13
56 57 74
57 57 72
58 57 83
59 57 30
60 57 91
1 58 10
2 58 81
3 58 91
4 58 28
5 58 46
6 58 71
7 58 40
8 58 22
9 58 62
10 58 40
11 58 81
12 58 38
13 58 28
14 58 78
15 58 67
16 58 16
17 58 19
18 58 65
19 58 94
20 58 13
21 58 81
22 58 2
23 58 38
24 58 23
25 58 31
26 58 59
27 58 57
28 58 32
29 58 55
30 58 31
31 58 24
32 58 30
33 58 76
34 58 6
35 58 76
36 58 90
37 58 97
38 58 16
39 58 89
40 58 97
41 58 23
42 58 4
43 58 17
44 58 70
45 58 32
46 58 23
47 58 47
48 58 21
49 58 55
50 58 81
51 58 79
52 58 46
53 58 77
54 58 61
55 58 12
56 58 29
57 58 52
58 58 97
59 58 90
60 58 23
1 59 31
2 59 96
3 59 71
4 59 12
5 59 20
6 59 18
7 59 93
8 59 4
9 59 14
10 59 51
11 59 56
12 59 75
13 59 91
14 59 75
15 59 53
16 59 87
17 59 58
18 59 70
19 59 15
20 59 35
21 59 67
22 59 12
23 59 53
24 59 1
25 59 62
26 59 86
27 59 3
28 59 33
29 59 23
30 59 98
31 59 18
32 59 57
33 59 98
34 59 55
35 59 68
36 59 95
37 59 70
38 59 45
39 59 26
40 59 54
41 59 75
42 59 71
43 59 53
44 59 11
45 59 74
46 59 77
47 59 33
48 59 91
49 59 60
50 59 77
51 59 91
52 59 45
53 59 26
54 59 8
55 59 10
56 59 31
57 59 51
58 59 34
59 59 25
60 59 92
1 60 69
2 60 83
3 60 71
4 60 81
5 60 17
6 60 95
7 60 9
8 60 47
9 60 93
10 60 13
11 60 27
12 60 16
13 60 77
14 60 44
15 60 44
16 60 14
17 60 67
18 60 75
19 60 27
20 60 20
21 60 54
22 60 21
23 60 98
24 60 47
25 60 43
26 60 17
27 60 19
28 60 77
29 60 71
30 60 30
31 60 43
32 60 23
33 60 8
34 60 15
35 60 9
36 60 72
37 60 12
38 60 31
39 60 90
40 60 40
41 60 95
42 60 39
43 60 33
44 60 41
45 60 30
46 60 3
47 60 47
48 60 54
49 60 55
50 60 82
51 60 31
52 60 41
53 60 25
54 60 97
55 60 58
56 60 42
57 60 70
58 60 79
59 60 27
60 60 58
1 61 65
2 61 69
3 61 75
4 61 96
5 61 42
6 61 3
7 61 14
8 61 40
9 61 71
10 61 94
11 61 13
12 61 56
13 61 23
14 61 39
15 61 52
16 61 69
17 61 56
18 61 55
19 61 29
20 61 60
21 61 12
22 61 55
23 61 68
24 61 57
25 61 16
26 61 25
27 61 96
28 61 41
29 61 96
30 61 34
31 61 57
32 61 78
33 61 86
34 61 19
35 61 89
36 61 46
37 61 65
38 61 1
39 61 97
40 61 28
41 61 50
42 61 37
43 61 75
44 61 83
45 61 60
46 61 22
47 61 72
48 61 19
49 61 93
50 61 76
51 61 10
52 61 16
53 61 1
54 61 95
55 61 87
56 61 2
57 61 38
58 61 41
59 61 38
60 61 63
1 62 52
2 62 13
3 62 10
4 62 24
5 62 8
6 62 16
7 62 8
8 62 59
9 62 60
10 62 10
11 62 99
12 62 12
13 62 63
14 62 32
15 62 81
16 62 22
17 62 29
18 62 93
19 62 55
20 62 93
21 62 95
22 62 15
23 62 60
24 62 64
25 62 72
26 62 51
27 62 65
28 62 43
29 62 66
30 62 4
31 62 11
32 62 34
33 62 5
34 62 43
35 62 61
36 62 64
37 62 10
38 62 65
39 62 99
40 62 83
41 62 97
42 62 75
43 62 82
44 62 1
45 62 93
46 62 73
47 62 33
48 62 74
49 62 94
50 62 53
51 62 42
52 62 78
53 62 27
54 62 85
55 62 4
56 62 6
57 62 70
58 62 15
59 62 5
60 62 80
1 63 38
2 63 92
3 63 45
4 63 86
5 63 60
6 63 48
7 63 64
8 63 52
9 63 93
10 63 45
11 63 89
12 63 24
13 63 40
14 63 88
15 63 37
16 63 36
17 63 85
18 63 73
19 63 35
20 63 54
21 63 56
22 63 98
23 63 47
24 63 42
25 63 68
26 63 77
27 63 13
28 63 1
29 63 22
30 63 26
31 63 33
32 63 47
33 63 55
34 63 4
35 63 70
36 63 64
37 63 66
38 63 46
39 63 49
40 63 21
41 63 68
42 63 4
43 63 53
44 63 42
45 63 36
46 63 83
47 63 81
48 63 91
49 63 48
50 63 67
51 63 94
52 63 81
53 63 56
54 63 19
55 63 64
56 63 37
57 63 13
58 63 47
59 63 15
60 63 63
1 64 49
2 64 66
3 64 7
4 64 10
5 64 84
6 64 58
7 64 21
8 64 15
9 64 8
10 64 50
11 64 20
12 64 89
13 64 62
14 64 57
15 64 17
16 64 58
17 64 24
18 64 44
19 64 59
20 64 75
21 64 55
22 64 8
23 64 21
24 64 86
25 64 73
26 64 1
27 64 63
28 64 95
29 64 69
30 64 23
31 64 86
32 64 69
33 64 58
34 64 67
35 64 9
36 64 65
37 64 57
38 64 94
39 64 28
40 64 97
41 64 9
42 64 71
43 64 61
44 64 58
45 64 15
46 64 95
47 64 57
48 64 52
49 64 32
50 64 94
51 64 40
52 64 26
53 64 44
54 64 70
55 64 23
56 64 4
57 64 27
58 64 27
59 64 89
60 64 36
1 65 59
2 65 4
3 65 57
4 65 49
5 65 48
6 65 2
7 65 47
8 65 46
9 65 65
10 65 73
11 65 30
12 65 76
13 65 33
14 65 12
15 65 31
16 65 11
17 65 80
18 65 76
19 65 6
20 65 57
21 65 77
22 65 8
23 65 23
24 65 18
25 65 16
26 65 49
27 65 12
28 65 77
29 65 74
30 65 73
31 65 65
32 65 57
33 65 20
34 65 57
35 65 7
36 65 93
37 65 4
38 65 89
39 65 57
40 65 16
41 65 70
42 65 72
43 65 62
44 65 25
45 65 81
46 65 73
47 65 65
48 65 12
49 65 26
50 65 28
51 65 43
52 65 68
53 65 65
54 65 1
55 65 30
56 65 56
57 65 36
58 65 60
59 65 99
60 65 60
1 66 13
2 66 13
3 66 89
4 66 42
5 66 99
6 66 23
7 66 67
8 66 50
9 66 2
10 66 94
11 66 2
12 66 72
13 66 92
14 66 93
15 66 63
16 66 23
17 66 97
18 66 48
19 66 76
20 66 13
21 66 35
22 66 50
23 66 2
24 66 38
25 66 91
26 66 37
27 66 12
28 66 79
29 66 35
30 66 38
31 66 3
32 66 12
33 66 79
34 66 13
35 66 38
36 66 56
37 66 65
38 66 10
39 66 23
40 66 25
41 66 6
42 66 28
43 66 68
44 66 45
45 66 19
46 66 57
47 66 74
48 66 59
49 66 61
50 66 29
51 66 53
52 66 43
53 66 5
54 66 13
55 66 65
56 66 73
57 66 40
58 66 23
59 66 44
60 66 57
1 67 5
2 67 38
3 67 36
4 67 98
5 67 48
6 67 36
7 67 62
8 67 47
9 67 93
10 67 97
11 67 9
12 67 79
13 67 69
14 67 46
15 67 71
16 67 95
17 67 1
18 67 4
19 67 37
20 67 32
21 67 91
22 67 1
23 67 61
24 67 18
25 67 43
26 67 53
27 67 71
28 67 43
29 67 83
30 67 13
31 67 32
32 67 95
33 67 6
34 67 37
35 67 17
36 67 97
37 67 33
38 67 41
39 67 92
40 67 47
41 67 77
42 67 36
43 67 10
44 67 36
45 67 36
46 67 48
47 67 54
48 67 21
49 67 52
50 67 95
51 67 94
52 67 43
53 67 48
54 67 43
55 67 42
56 67 36
57 67 76
58 67 84
59 67 7
60 67 71
1 68 84
2 68 5
3 68 5
4 68 31
5 68 56
6 68 31
7 68 65
8 68 90
9 68 87
10 68 81
11 68 33
12 68 68
13 68 24
14 68 44
15 68 67
16 68 73
17 68 37
18 68 80
19 68 83
20 68 49
21 68 53
22 68 12
23 68 91
24 68 7
25 68 27
26 68 34
27 68 15
28 68 75
29 68 43
30 68 84
31 68 11
32 68 42
33 68 94
34 68 42
35 68 18
36 68 33
37 68 45
38 68 37
39 68 1
40 68 69
41 68 5
42 68 6
43 68 65
44 68 8
45 68 52
46 68 15
47 68 68
48 68 27
49 68 93
50 68 36
51 68 55
52 68 41
53 68 45
54 68 56
55 68 75
56 68 41
57 68 67
58 68 44
59 68 74
60 68 1
1 69 95
2 69 5
3 69 73
4 69 94
5 69 53
6 69 14
7 69 56
8 69 3
9 69 21
10 69 91
11 69 46
12 69 32
13 69 15
14 69 58
15 69 48
16 69 46
17 69 97
18 69 7
19 69 56
20 69 92
21 69 15
22 69 49
23 69 89
24 69 89
25 69 36
26 69 51
27 69 92
28 69 74
29 69 43
30 69 40
31 69 92
32 69 58
33 69 1
34 69 66
35 69 37
36 69 27
37 69 90
38 69 55
39 69 27
40 69 77
41 69 97
42 69 51
43 69 26
44 69 85
45 69 88
46 69 78
47 69 16
48 69 44
49 69 10
50 69 51
51 69 22
52 69 23
53 69 1
54 69 5
55 69 35
56 69 23
57 69 96
58 69 37
59 69 93
60 69 42
1 70 70
2 70 84
3 70 17
4 70 74
5 70 39
6 70 61
7 70 95
8 70 96
9 70 24
10 70 46
11 70 68
12 70 25
13 70 53
14 70 95
15 70 64
16 70 44
17 70 35
18 70 2
19 70 81
20 70 48
21 70 51
22 70 51
23 70 12
24 70 27
25 70 38
26 70 28
27 70 65
28 70 98
29 70 61
30 70 78
31 70 29
32 70 87
33 70 2
34 70 34
35 70 73
36 70 63
37 70 5
38 70 49
39 70 93
40 70 18
41 70 62
42 70 11
43 70 41
44 70 44
45 70 30
46 70 20
47 70 89
48 70 30
49 70 4
50 70 57
51 70 32
52 70 85
53 70 97
54 70 76
55 70 22
56 70 72
57 70 4
58 70 91
59 70 82
60 70 12
1 71 30
2 71 57
3 71 53
4 71 62
5 71 32
6 71 42
7 71 62
8 71 17
9 71 8
10 71 63
11 71 30
12 71 60
13 71 1
14 71 20
15 71 37
16 71 71
17 71 34
18 71 45
19 71 28
20 71 73
21 71 81
22 71 71
23 71 32
24 71 66
25 71 41
26 71 70
27 71 98
28 71 85
29 71 65
30 71 16
31 71 13
32 71 85
33 71 64
34 71 77
35 71 18
36 71 25
37 71 92
38 71 57
39 71 62
40 71 14
41 71 70
42 71 6
43 71 51
44 71 56
45 71 27
46 71 89
47 71 69
48 71 72
49 71 35
50 71 8
51 71 12
52 71 12
53 71 94
54 71 64
55 71 23
56 71 84
57 71 85
58 71 44
59 71 42
60 71 50
1 72 77
2 72 61
3 72 11
4 72 77
5 72 93
6 72 62
7 72 81
8 72 41
9 72 54
10 72 23
11 72 27
12 72 13
13 72 30
14 72 48
15 72 57
16 72 90
17 72 14
18 72 79
19 72 81
20 72 45
21 72 68
22 72 67
23 72 72
24 72 91
25 72 11
26 72 52
27 72 23
28 72 16
29 72 51
30 72 82
31 72 3
32 72 8
33 72 83
34 72 38
35 72 58
36 72 80
37 72 9
38 72 57
39 72 99
40 72 87
41 72 27
42 72 76
43 72 87
44 72 58
45 72 38
46 72 35
47 72 1
48 72 11
49 72 25
50 72 96
51 72 43
52 72 23
53 72 31
54 72 3
55 72 42
56 72 65
57 72 32
58 72 46
59 72 25
60 72 21
1 73 69
2 73 36
3 73 82
4 73 56
5 73 17
6 73 99
7 73 60
8 73 16
9 73 64
10 73 24
11 73 33
12 73 45
13 73 61
14 73 53
15 73 53
16 73 73
17 73 58
18 73 77
19 73 84
20 73 19
21 73 15
22 73 92
23 73 48
24 73 71
25 73 86
26 73 14
27 73 56
28 73 94
29 73 4
30 73 53
31 73 2
32 73 40
33 73 89
34 73 29
35 73 37
36 73 54
37 73 1
38 73 45
39 73 52
40 73 42
41 73 79
42 73 49
43 73 40
44 73 4
45 73 45
46 73 81
47 73 6
48 73 69
49 73 70
50 73 60
51 73 62
52 73 75
53 73 24
54 73 65
55 73 20
56 73 87
57 73 61
58 73 20
59 73 50
60 73 49
1 74 9
2 74 74
3 74 99
4 74 99
5 74 71
6 74 55
7 74 69
8 74 15
9 74 46
10 74 20
11 74 94
12 74 46
13 74 38
14 74 37
15 74 83
16 74 62
17 74 5
18 74 86
19 74 8
20 74 34
21 74 69
22 74 36
23 74 42
24 74 99
25 74 83
26 74 55
27 74 7
28 74 2
29 74 45
30 74 61
31 74 63
32 74 5
33 74 69
34 74 9
35 74 42
36 74 6
37 74 90
38 74 78
39 74 38
40 74 12
41 74 53
42 74 14
43 74 73
44 74 51
45 74 88
46 74 13
47 74 28
48 74 27
49 74 9
50 74 88
51 74 95
52 74 44
53 74 59
54 74 30
55 74 79
56 74 67
57 74 15
58 74 51
59 74 83
60 74 77
1 75 92
2 75 98
3 75 34
4 75 46
5 75 45
6 75 48
7 75 32
8 75 49
9 75 37
10 75 33
11 75 50
12 75 75
13 75 13
14 75 60
15 75 2
16 75 13
17 75 42
18 75 22
19 75 38
20 75 10
21 75 60
22 75 2
23 75 83
24 75 55
25 75 64
26 75 36
27 75 85
28 75 14
29 75 25
30 75 85
31 75 53
32 75 12
33 75 23
34 75 12
35 75 3
36 75 66
37 75 38
38 75 79
39 75 44
40 75 4
41 75 13
42 75 23
43 75 68
44 75 93
45 75 2
46 75 42
47 75 21
48 75 17
49 75 73
50 75 31
51 75 81
52 75 34
53 75 7
54 75 38
55 75 61
56 75 8
57 75 19
58 75 20
59 75 21
60 75 31
1 76 13
2 76 36
3 76 42
4 76 32
5 76 19
6 76 3
7 76 14
8 76 66
9 76 85
10 76 87
11 76 33
12 76 24
13 76 36
14 76 23
15 76 3
16 76 13
17 76 88
18 76 83
19 76 96
20 76 85
21 76 23
22 76 25
23 76 25
24 76 27
25 76 29
26 76 3
27 76 96
28 76 22
29 76 72
30 76 14
31 76 97
32 76 68
33 76 65
34 76 27
35 76 6
36 76 3
37 76 27
38 76 92
39 76 11
40 76 53
41 76 67
42 76 49
43 76 28
44 76 50
45 76 39
46 76 79
47 76 16
48 76 36
49 76 30
50 76 57
51 76 23
52 76 71
53 76 94
54 76 12
55 76 39
56 76 27
57 76 51
58 76 97
59 76 33
60 76 6
1 77 88
2 77 26
3 77 80
4 77 34
5 77 60
6 77 27
7 77 27
8 77 16
9 77 57
10 77 23
11 77 38
12 77 43
13 77 98
14 77 40
15 77 38
16 77 4
17 77 66
18 77 7
19 77 24
20 77 26
21 77 71
22 77 77
23 77 18
24 77 60
25 77 56
26 77 17
27 77 94
28 77 78
29 77 35
30 77 18
31 77 89
32 77 45
33 77 45
34 77 31
35 77 84
36 77 93
37 77 61
38 77 50
39 77 12
40 77 99
41 77 85
42 77 55
43 77 44
44 77 60
45 77 38
46 77 29
47 77 45
48 77 88
49 77 77
50 77 90
51 77 93
52 77 2
53 77 48
54 77 8
55 77 29
56 77 70
57 77 39
58 77 87
59 77 66
60 77 35
1 78 82
2 78 56
3 78 64
4 78 13
5 78 34
6 78 74
7 78 76
8 78 69
9 78 23
10 78 55
11 78 95
12 78 16
13 78 51
14 78 71
15 78 77
16 78 36
17 78 80
18 78 79
19 78 9
20 78 91
21 78 47
22 78 87
23 78 41
24 78 40
25 78 84
26 78 54
27 78 30
28 78 55
29 78 40
30 78 91
31 78 28
32 78 55
33 78 31
34 78 99
35 78 30
36 78 60
37 78 60
38 78 72
39 78 75
40 78 44
41 78 88
42 78 47
43 78 40
44 78 56
45 78 56
46 78 76
47 78 89
48 78 10
49 78 59
50 78 52
51 78 66
52 78 83
53 78 63
54 78 24
55 78 37
56 78 76
57 78 92
58 78 70
59 78 18
60 78 98
1 79 19
2 79 17
3 79 55
4 79 9
5 79 61
6 79 30
7 79 36
8 79 25
9 79 43
10 79 13
11 79 52
12 79 56
13 79 92
14 79 76
15 79 32
16 79 46
17 79 67
18 79 90
19 79 30
20 79 28
21 79 49
22 79 2
23 79 31
24 79 17
25 79 26
26 79 97
27 79 3
28 79 4
29 79 74
30 79 53
31 79 21
32 79 17
33 79 99
34 79 71
35 79 26
36 79 72
37 79 91
38 79 27
39 79 10
40 79 27
41 79 18
42 79 50
43 79 28
44 79 3
45 79 54
46 79 38
47 79 86
48 79 46
49 79 18
50 79 57
51 79 54
52 79 47
53 79 61
54 79 78
55 79 91
56 79 28
57 79 53
58 79 73
59 79 11
60 79 72
1 80 22
2 80 45
3 80 90
4 80 61
5 80 70
6 80 83
7 80 20
8 80 28
9 80 77
10 80 61
11 80 52
12 80 67
13 80 33
14 80 14
15 80 76
16 80 37
17 80 84
18 80 73
19 80 44
20 80 46
21 80 1
22 80 42
23 80 16
24 80 29
25 80 48
26 80 29
27 80 15
28 80 35
29 80 73
30 80 89
31 80 84
32 80 91
33 80 14
34 80 35
35 80 5
36 80 14
37 80 83
38 80 2
39 80 18
40 80 68
41 80 17
42 80 3
43 80 45
44 80 32
45 80 48
46 80 1
47 80 23
48 80 73
49 80 84
50 80 67
51 80 71
52 80 71
53 80 75
54 80 27
55 80 73
56 80 44
57 80 2
58 80 92
59 80 44
60 80 39
1 81 31
2 81 54
3 81 1
4 81 28
5 81 22
6 81 56
7 81 71
8 81 90
9 81 55
10 81 94
11 81 2
12 81 93
13 81 44
14 81 15
15 81 43
16 81 87
17 81 41
18 81 78
19 81 43
20 81 80
21 81 42
22 81 52
23 81 63
24 81 78
25 81 66
26 81 16
27 81 83
28 81 71
29 81 49
30 81 8
31 81 97
32 81 24
33 81 84
34 81 45
35 81 86
36 81 5
37 81 2
38 81 88
39 81 22
40 81 41
41 81 65
42 81 52
43 81 55
44 81 11
45 81 33
46 81 56
47 81 78
48 81 84
49 81 2
50 81 84
51 81 66
52 81 87
53 81 35
54 81 4
55 81 39
56 81 57
57 81 61
58 81 35
59 81 6
60 81 97
1 82 61
2 82 6
3 82 71
4 82 57
5 82 6
6 82 10
7 82 20
8 82 4
9 82 2
10 82 55
11 82 15
12 82 46
13 82 59
14 82 83
15 82 65
16 82 35
17 82 98
18 82 81
19 82 62
20 82 57
21 82 34
22 82 29
23 82 71
24 82 79
25 82 30
26 82 44
27 82 47
28 82 32
29 82 10
30 82 27
31 82 3
32 82 16
33 82 46
34 82 12
35 82 38
36 82 88
37 82 81
38 82 68
39 82 32
40 82 65
41 82 58
42 82 27
43 82 35
44 82 19
45 82 45
46 82 20
47 82 18
48 82 88
49 82 91
50 82 41
51 82 78
52 82 21
53 82 55
54 82 88
55 82 89
56 82 1
57 82 83
58 82 40
59 82 61
60 82 56
1 83 29
2 83 59
3 83 37
4 83 28
5 83 49
6 83 50
7 83 47
8 83 50
9 83 12
10 83 8
11 83 6
12 83 87
13 83 97
14 83 18
15 83 94
16 83 8
17 83 95
18 83 9
19 83 3
20 83 3
21 83 5
22 83 78
23 83 89
24 83 74
25 83 99
26 83 14
27 83 5
28 83 53
29 83 40
30 83 6
31 83 80
32 83 20
33 83 97
34 83 15
35 83 72
36 83 45
37 83 57
38 83 38
39 83 24
40 83 58
41 83 10
42 83 88
43 83 72
44 83 25
45 83 33
46 83 87
47 83 33
48 83 92
49 83 47
50 83 24
51 83 9
52 83 17
53 83 67
54 83 34
55 83 35
56 83 1
57 83 13
58 83 24
59 83 49
60 83 94
1 84 34
2 84 97
3 84 32
4 84 44
5 84 60
6 84 2
7 84 74
8 84 82
9 84 95
10 84 87
11 84 69
12 84 9
13 84 6
14 84 41
15 84 20
16 84 90
17 84 69
18 84 42
19 84 14
20 84 84
21 84 99
22 84 53
23 84 28
24 84 76
25 84 50
26 84 45
27 84 30
28 84 63
29 84 54
30 84 8
31 84 11
32 84 43
33 84 87
34 84 19
35 84 69
36 84 81
37 84 23
38 84 43
39 84 13
40 84 68
41 84 28
42 84 7
43 84 64
44 84 85
45 84 40
46 84 63
47 84 82
48 84 56
49 84 98
50 84 33
51 84 30
52 84 30
53 84 19
54 84 11
55 84 54
56 84 36
57 84 61
58 84 41
59 84 66
60 84 10
1 85 99
2 85 27
3 85 26
4 85 74
5 85 15
6 85 19
7 85 71
8 85 21
9 85 59
10 85 88
11 85 54
12 85 33
13 85 57
14 85 1
15 85 63
16 85 51
17 85 71
18 85 26
19 85 50
20 85 51
21 85 2
22 85 55
23 85 98
24 85 8
25 85 34
26 85 25
27 85 82
28 85 57
29 85 48
30 85 48
31 85 13
32 85 71
33 85 38
34 85 10
35 85 83
36 85 19
37 85 16
38 85 89
39 85 46
40 85 80
41 85 4
42 85 2
43 85 70
44 85 19
45 85 27
46 85 67
47 85 96
48 85 52
49 85 69
50 85 69
51 85 62
52 85 60
53 85 50
54 85 51
55 85 65
56 85 28
57 85 37
58 85 50
59 85 9
60 85 11
1 86 98
2 86 88
3 86 14
4 86 59
5 86 70
6 86 58
7 86 25
8 86 70
9 86 80
10 86 72
11 86 26
12 86 13
13 86 56
14 86 71
15 86 34
16 86 74
17 86 18
18 86 1
19 86 74
20 86 17
21 86 19
22 86 6
23 86 10
24 86 30
25 86 5
26 86 8
27 86 1
28 86 35
29 86 84
30 86 57
31 86 31
32 86 73
33 86 37
34 86 78
35 86 92
36 86 71
37 86 14
38 86 42
39 86 43
40 86 74
41 86 89
42 86 50
43 86 69
44 86 5
45 86 82
46 86 5
47 86 19
48 86 56
49 86 49
50 86 91
51 86 80
52 86 60
53 86 18
54 86 15
55 86 36
56 86 61
57 86 13
58 86 55
59 86 3
60 86 6
1 87 97
2 87 39
3 87 49
4 87 31
5 87 30
6 87 30
7 87 46
8 87 84
9 87 99
10 87 4
11 87 79
12 87 38
13 87 10
14 87 54
15 87 64
16 87 72
17 87 8
18 87 29
19 87 99
20 87 29
21 87 82
22 87 22
23 87 77
24 87 74
25 87 79
26 87 47
27 87 35
28 87 14
29 87 14
30 87 73
31 87 96
32 87 49
33 87 62
34 87 8
35 87 65
36 87 77
37 87 80
38 87 51
39 87 49
40 87 61
41 87 72
42 87 54
43 87 31
44 87 26
45 87 1
46 87 57
47 87 22
48 87 67
49 87 27
50 87 91
51 87 53
52 87 65
53 87 15
54 87 75
55 87 4
56 87 40
57 87 31
58 87 27
59 87 54
60 87 8
1 88 33
2 88 83
3 88 32
4 88 8
5 88 27
6 88 97
7 88 80
8 88 13
9 88 32
10 88 45
11 88 53
12 88 45
13 88 91
14 88 76
15 88 44
16 88 59
17 88 7
18 88 81
19 88 82
20 88 74
21 88 94
22 88 61
23 88 59
24 88 43
25 88 83
26 88 25
27 88 71
28 88 15
29 88 14
30 88 44
31 88 89
32 88 17
33 88 88
34 88 53
35 88 86
36 88 57
37 88 6
38 88 60
39 88 99
40 88 47
41 88 66
42 88 9
43 88 86
44 88 63
45 88 29
46 88 21
47 88 17
48 88 18
49 88 65
50 88 91
51 88 11
52 88 9
53 88 31
54 88 27
55 88 96
56 88 53
57 88 67
58 88 41
59 88 74
60 88 45
1 89 81
2 89 62
3 89 90
4 89 75
5 89 84
6 89 96
7 89 65
8 89 5
9 89 74
10 89 70
11 89 29
12 89 96
13 89 5
14 89 36
15 89 53
16 89 27
17 89 72
18 89 11
19 89 1
20 89 39
21 89 99
22 89 98
23 89 1
24 89 20
25 89 20
26 89 95
27 89 47
28 89 88
29 89 79
30 89 91
31 89 78
32 89 55
33 89 4
34 89 13
35 89 59
36 89 73
37 89 15
38 89 72
39 89 98
40 89 91
41 89 74
42 89 22
43 89 74
44 89 85
45 89 8
46 89 16
47 89 35
48 89 27
49 89 23
50 89 39
51 89 94
52 89 19
53 89 24
54 89 59
55 89 69
56 89 90
57 89 11
58 89 98
59 89 94
60 89 54
1 90 75
2 90 37
3 90 30
4 90 55
5 90 64
6 90 99
7 90 46
8 90 62
9 90 62
10 90 84
11 90 43
12 90 90
13 90 13
14 90 29
15 90 47
16 90 46
17 90 74
18 90 32
19 90 88
20 90 40
21 90 94
22 90 68
23 90 54
24 90 9
25 90 42
26 90 75
27 90 63
28 90 35
29 90 16
30 90 84
31 90 24
32 90 61
33 90 50
34 90 35
35 90 48
36 90 36
37 90 59
38 90 96
39 90 57
40 90 48
41 90 1
42 90 82
43 90 83
44 90 9
45 90 56
46 90 27
47 90 57
48 90 19
49 90 43
50 90 63
51 90 49
52 90 24
53 90 18
54 90 33
55 90 83
56 90 21
57 90 45
58 90 93
59 90 55
60 90 2
1 91 11
2 91 23
3 91 20
4 91 28
5 91 35
6 91 35
7 91 31
8 91 74
9 91 99
10 91 46
11 91 46
12 91 94
13 91 91
14 91 59
15 91 29
16 91 84
17 91 41
18 91 69
19 91 15
20 91 52
21 91 90
22 91 85
23 91 26
24 91 21
25 91 36
26 91 36
27 91 37
28 91 24
29 91 14
30 91 6
31 91 42
32 91 71
33 91 37
34 91 5
35 91 71
36 91 81
37 91 3
38 91 86
39 91 53
40 91 26
41 91 12
42 91 62
43 91 21
44 91 26
45 91 83
46 91 56
47 91 17
48 91 91
49 91 63
50 91 32
51 91 36
52 91 2
53 91 35
54 91 68
55 91 8
56 91 53
57 91 6
58 91 52
59 91 25
60 91 44
1 92 18
2 92 50
3 92 50
4 92 57
5 92 98
6 92 39
7 92 68
8 92 57
9 92 65
10 92 32
11 92 63
12 92 32
13 92 35
14 92 29
15 92 40
16 92 21
17 92 18
18 92 58
19 92 11
20 92 33
21 92 84
22 92 11
23 92 35
24 92 30
25 92 30
26 92 76
27 92 58
28 92 28
29 92 98
30 92 25
31 92 6
32 92 65
33 92 18
34 92 9
35 92 32
36 92 5
37 92 64
38 92 56
39 92 1
40 92 97
41 92 70
42 92 9
43 92 90
44 92 15
45 92 22
46 92 3
47 92 13
48 92 20
49 92 23
50 92 96
51 92 2
52 92 47
53 92 31
54 92 22
55 92 28
56 92 10
57 92 72
58 92 70
59 92 17
60 92 36
1 93 99
2 93 70
3 93 89
4 93 30
5 93 60
6 93 10
7 93 63
8 93 94
9 93 67
10 93 10
11 93 62
12 93 52
13 93 10
14 93 50
15 93 38
16 93 81
17 93 40
18 93 6
19 93 2
20 93 17
21 93 16
22 93 45
23 93 5
24 93 5
25 93 91
26 93 1
27 93 34
28 93 20
29 93 93
30 93 7
31 93 1
32 93 49
33 93 9
34 93 71
35 93 40
36 93 38
37 93 82
38 93 27
39 93 51
40 93 37
41 93 3
42 93 68
43 93 46
44 93 79
45 93 10
46 93 84
47 93 85
48 93 20
49 93 71
50 93 34
51 93 20
52 93 66
53 93 3
54 93 27
55 93 63
56 93 9
57 93 21
58 93 4
59 93 72
60 93 47
1 94 67
2 94 36
3 94 5
4 94 23
5 94 40
6 94 84
7 94 70
8 94 48
9 94 12
10 94 79
11 94 27
12 94 76
13 94 33
14 94 26
15 94 49
16 94 46
17 94 38
18 94 37
19 94 90
20 94 3
21 94 12
22 94 54
23 94 32
24 94 79
25 94 81
26 94 7
27 94 48
28 94 95
29 94 37
30 94 8
31 94 66
32 94 86
33 94 6
34 94 6
35 94 97
36 94 93
37 94 20
38 94 36
39 94 47
40 94 74
41 94 63
42 94 32
43 94 47
44 94 92
45 94 82
46 94 92
47 94 66
48 94 25
49 94 2
50 94 25
51 94 86
52 94 83
53 94 70
54 94 2
55 94 55
56 94 27
57 94 34
58 94 98
59 94 54
60 94 33
1 95 21
2 95 11
3 95 37
4 95 40
5 95 59
6 95 56
7 95 26
8 95 84
9 95 90
10 95 21
11 95 86
12 95 90
13 95 40
14 95 91
15 95 98
16 95 93
17 95 41
18 95 1
19 95 98
20 95 97
21 95 46
22 95 63
23 95 82
24 95 1
25 95 71
26 95 81
27 95 56
28 95 36
29 95 37
30 95 57
31 95 5
32 95 24
33 95 19
34 95 29
35 95 9
36 95 20
37 95 18
38 95 26
39 95 14
40 95 97
41 95 9
42 95 5
43 95 58
44 95 28
45 95 37
46 95 16
47 95 89
48 95 23
49 95 60
50 95 4
51 95 46
52 95 54
53 95 54
54 95 63
55 95 65
56 95 72
57 95 51
58 95 70
59 95 56
60 95 90
1 96 52
2 96 85
3 96 50
4 96 3
5 96 41
6 96 1
7 96 10
8 96 43
9 96 10
10 96 47
11 96 61
12 96 20
13 96 43
14 96 26
15 96 81
16 96 76
17 96 36
18 96 3
19 96 60
20 96 58
21 96 57
22 96 74
23 96 10
24 96 91
25 96 51
26 96 28
27 96 98
28 96 3
29 96 63
30 96 16
31 96 24
32 96 34
33 96 32
34 96 33
35 96 65
36 96 36
37 96 62
38 96 83
39 96 65
40 96 36
41 96 5
42 96 47
43 96 43
44 96 20
45 96 77
46 96 90
47 96 28
48 96 81
49 96 10
50 96 97
51 96 73
52 96 6
53 96 14
54 96 6
55 96 94
56 96 14
57 96 99
58 96 59
59 96 22
60 96 76
1 97 73
2 97 34
3 97 83
4 97 67
5 97 16
6 97 90
7 97 52
8 97 25
9 97 20
10 97 57
11 97 7
12 97 32
13 97 10
14 97 49
15 97 14
16 97 51
17 97 10
18 97 75
19 97 23
20 97 48
21 97 17
22 97 92
23 97 21
24 97 9
25 97 75
26 97 12
27 97 4
28 97 35
29 97 99
30 97 52
31 97 50
32 97 64
33 97 60
34 97 12
35 97 10
36 97 49
37 97 37
38 97 96
39 97 42
40 97 1
41 97 16
42 97 19
43 97 64
44 97 74
45 97 69
46 97 72
47 97 3
48 97 48
49 97 53
50 97 28
51 97 39
52 97 39
53 97 8
54 97 23
55 97 19
56 97 40
57 97 51
58 97 25
59 97 45
60 97 75
1 98 93
2 98 98
3 98 77
4 98 15
5 98 19
6 98 9
7 98 27
8 98 95
9 98 12
10 98 36
11 98 88
12 98 31
13 98 17
14 98 88
15 98 70
16 98 11
17 98 69
18 98 29
19 98 15
20 98 27
21 98 33
22 98 66
23 98 5
24 98 75
25 98 22
26 98 69
27 98 12
28 98 9
29 98 14
30 98 1
31 98 27
32 98 63
33 98 60
34 98 83
35 98 73
36 98 64
37 98 57
38 98 52
39 98 14
40 98 80
41 98 50
42 98 38
43 98 74
44 98 13
45 98 53
46 98 5
47 98 58
48 98 99
49 98 35
50 98 29
51 98 33
52 98 90
53 98 88
54 98 78
55 98 97
56 98 33
57 98 86
58 98 59
59 98 71
60 98 53
1 99 2
2 99 13
3 99 58
4 99 36
5 99 18
6 99 90
7 99 82
8 99 28
9 99 97
10 99 39
11 99 97
12 99 37
13 99 49
14 99 74
15 99 9
16 99 79
17 99 20
18 99 27
19 99 64
20 99 7
21 99 29
22 99 76
23 99 17
24 99 21
25 99 75
26 99 23
27 99 47
28 99 50
29 99 19
30 99 64
31 99 92
32 99 48
33 99 15
34 99 56
35 99 50
36 99 35
37 99 26
38 99 94
39 99 29
40 99 7
41 99 75
42 99 39
43 99 61
44 99 53
45 99 94
46 99 67
47 99 26
48 99 93
49 99 75
50 99 36
51 99 25
52 99 4
53 99 53
54 99 71
55 99 3
56 99 84
57 99 60
58 99 29
59 99 34
60 99 19
1 100 25
2 100 2
3 100 1
4 100 96
5 100 20
6 100 47
7 100 17
8 100 15
9 100 81
10 100 69
11 100 10
12 100 82
13 100 42
14 100 90
15 100 34
16 100 77
17 100 62
18 100 80
19 100 89
20 100 52
21 100 41
22 100 32
23 100 79
24 100 71
25 100 50
26 100 8
27 100 2
28 100 29
29 100 28
30 100 94
31 100 92
32 100 90
33 100 99
34 100 34
35 100 45
36 100 38
37 100 46
38 100 19
39 100 72
40 100 35
41 100 19
42 100 81
43 100 2
44 100 21
45 100 61
46 100 4
47 100 1
48 100 16
49 100 17
50 100 24
51 100 86
52 100 85
53 100 4
54 100 35
55 100 67
56 100 99
57 100 1
58 100 77
59 100 3
60 100 88;


end;